21 21
   3.6787944117144233e-01   4.0454188510301881e-01   4.4043165450599925e-01   4.7473429993991240e-01   5.0661699236558966e-01   5.3526142851899028e-01   5.5989836656540204e-01   5.7984178333984637e-01   5.9452054797019427e-01   6.0350557542704053e-01   6.0653065971263342e-01   6.0350557542704053e-01   5.9452054797019427e-01   5.7984178333984637e-01   5.5989836656540204e-01   5.3526142851899028e-01   5.0661699236558966e-01   4.7473429993991240e-01   4.4043165450599925e-01   4.0454188510301881e-01   3.6787944117144233e-01
   4.0454188510301881e-01   4.4485806622294111e-01   4.8432456895536241e-01   5.2204577676101604e-01   5.5710586181217392e-01   5.8860496967835518e-01   6.1569719676428503e-01   6.3762815162177322e-01   6.5376978512984718e-01   6.6365025013631929e-01   6.6697681085847438e-01   6.6365025013631929e-01   6.5376978512984718e-01   6.3762815162177322e-01   6.1569719676428503e-01   5.8860496967835518e-01   5.5710586181217392e-01   5.2204577676101604e-01   4.8432456895536241e-01   4.4485806622294111e-01   4.0454188510301881e-01
   4.4043165450599925e-01   4.8432456895536241e-01   5.2729242404304855e-01   5.6836014675754043e-01   6.0653065971263342e-01   6.4082427603231873e-01   6.7032004603563922e-01   6.9419665087797877e-01   7.1177032276260965e-01   7.2252735364207221e-01   7.2614903707369094e-01   7.2252735364207221e-01   7.1177032276260965e-01   6.9419665087797877e-01   6.7032004603563922e-01   6.4082427603231873e-01   6.0653065971263342e-01   5.6836014675754043e-01   5.2729242404304855e-01   4.8432456895536241e-01   4.4043165450599925e-01
   4.7473429993991240e-01   5.2204577676101604e-01   5.6836014675754043e-01   6.1262639418441611e-01   6.5376978512984729e-01   6.9073433063735468e-01   7.2252735364207221e-01   7.4826356757856516e-01   7.6720594997585567e-01   7.7880078307140488e-01   7.8270453824186825e-01   7.7880078307140488e-01   7.6720594997585567e-01   7.4826356757856516e-01   7.2252735364207221e-01   6.9073433063735468e-01   6.5376978512984729e-01   6.1262639418441611e-01   5.6836014675754043e-01   5.2204577676101604e-01   4.7473429993991240e-01
   5.0661699236558966e-01   5.5710586181217392e-01   6.0653065971263342e-01   6.5376978512984729e-01   6.9767632607103103e-01   7.3712337439162767e-01   7.7105158580356625e-01   7.9851621875937706e-01   8.1873075307798182e-01   8.3110428385212565e-01   8.3527021141127200e-01   8.3110428385212565e-01   8.1873075307798182e-01   7.9851621875937706e-01   7.7105158580356625e-01   7.3712337439162767e-01   6.9767632607103103e-01   6.5376978512984729e-01   6.0653065971263342e-01   5.5710586181217392e-01   5.0661699236558966e-01
   5.3526142851899028e-01   5.8860496967835518e-01   6.4082427603231873e-01   6.9073433063735468e-01   7.3712337439162767e-01   7.7880078307140488e-01   8.1464731641141452e-01   8.4366481659638370e-01   8.6502229311074130e-01   8.7809543092056130e-01   8.8249690258459546e-01   8.7809543092056130e-01   8.6502229311074130e-01   8.4366481659638370e-01   8.1464731641141452e-01   7.7880078307140488e-01   7.3712337439162767e-01   6.9073433063735468e-01   6.4082427603231873e-01   5.8860496967835518e-01   5.3526142851899028e-01
   5.5989836656540204e-01   6.1569719676428503e-01   6.7032004603563922e-01   7.2252735364207221e-01   7.7105158580356625e-01   8.1464731641141452e-01   8.5214378896621135e-01   8.8249690258459546e-01   9.0483741803595952e-01   9.1851228440145738e-01   9.2311634638663576e-01   9.1851228440145738e-01   9.0483741803595952e-01   8.8249690258459546e-01   8.5214378896621135e-01   8.1464731641141452e-01   7.7105158580356625e-01   7.2252735364207221e-01   6.7032004603563922e-01   6.1569719676428503e-01   5.5989836656540204e-01
   5.7984178333984637e-01   6.3762815162177322e-01   6.9419665087797877e-01   7.4826356757856516e-01   7.9851621875937706e-01   8.4366481659638370e-01   8.8249690258459546e-01   9.1393118527122819e-01   9.3706746337740343e-01   9.5122942450071402e-01   9.5599748183309996e-01   9.5122942450071402e-01   9.3706746337740343e-01   9.1393118527122819e-01   8.8249690258459546e-01   8.4366481659638370e-01   7.9851621875937706e-01   7.4826356757856516e-01   6.9419665087797877e-01   6.3762815162177322e-01   5.7984178333984637e-01
   5.9452054797019427e-01   6.5376978512984718e-01   7.1177032276260965e-01   7.6720594997585567e-01   8.1873075307798182e-01   8.6502229311074130e-01   9.0483741803595952e-01   9.3706746337740343e-01   9.6078943915232318e-01   9.7530991202833262e-01   9.8019867330675525e-01   9.7530991202833262e-01   9.6078943915232318e-01   9.3706746337740343e-01   9.0483741803595952e-01   8.6502229311074130e-01   8.1873075307798182e-01   7.6720594997585567e-01   7.1177032276260965e-01   6.5376978512984718e-01   5.9452054797019427e-01
   6.0350557542704053e-01   6.6365025013631929e-01   7.2252735364207221e-01   7.7880078307140488e-01   8.3110428385212565e-01   8.7809543092056130e-01   9.1851228440145738e-01   9.5122942450071402e-01   9.7530991202833262e-01   9.9004983374916811e-01   9.9501247919268232e-01   9.9004983374916811e-01   9.7530991202833262e-01   9.5122942450071402e-01   9.1851228440145738e-01   8.7809543092056130e-01   8.3110428385212565e-01   7.7880078307140488e-01   7.2252735364207221e-01   6.6365025013631929e-01   6.0350557542704053e-01
   6.0653065971263342e-01   6.6697681085847438e-01   7.2614903707369094e-01   7.8270453824186825e-01   8.3527021141127200e-01   8.8249690258459546e-01   9.2311634638663576e-01   9.5599748183309996e-01   9.8019867330675525e-01   9.9501247919268232e-01   1.0000000000000000e+00   9.9501247919268232e-01   9.8019867330675525e-01   9.5599748183309996e-01   9.2311634638663576e-01   8.8249690258459546e-01   8.3527021141127200e-01   7.8270453824186825e-01   7.2614903707369094e-01   6.6697681085847438e-01   6.0653065971263342e-01
   6.0350557542704053e-01   6.6365025013631929e-01   7.2252735364207221e-01   7.7880078307140488e-01   8.3110428385212565e-01   8.7809543092056130e-01   9.1851228440145738e-01   9.5122942450071402e-01   9.7530991202833262e-01   9.9004983374916811e-01   9.9501247919268232e-01   9.9004983374916811e-01   9.7530991202833262e-01   9.5122942450071402e-01   9.1851228440145738e-01   8.7809543092056130e-01   8.3110428385212565e-01   7.7880078307140488e-01   7.2252735364207221e-01   6.6365025013631929e-01   6.0350557542704053e-01
   5.9452054797019427e-01   6.5376978512984718e-01   7.1177032276260965e-01   7.6720594997585567e-01   8.1873075307798182e-01   8.6502229311074130e-01   9.0483741803595952e-01   9.3706746337740343e-01   9.6078943915232318e-01   9.7530991202833262e-01   9.8019867330675525e-01   9.7530991202833262e-01   9.6078943915232318e-01   9.3706746337740343e-01   9.0483741803595952e-01   8.6502229311074130e-01   8.1873075307798182e-01   7.6720594997585567e-01   7.1177032276260965e-01   6.5376978512984718e-01   5.9452054797019427e-01
   5.7984178333984637e-01   6.3762815162177322e-01   6.9419665087797877e-01   7.4826356757856516e-01   7.9851621875937706e-01   8.4366481659638370e-01   8.8249690258459546e-01   9.1393118527122819e-01   9.3706746337740343e-01   9.5122942450071402e-01   9.5599748183309996e-01   9.5122942450071402e-01   9.3706746337740343e-01   9.1393118527122819e-01   8.8249690258459546e-01   8.4366481659638370e-01   7.9851621875937706e-01   7.4826356757856516e-01   6.9419665087797877e-01   6.3762815162177322e-01   5.7984178333984637e-01
   5.5989836656540204e-01   6.1569719676428503e-01   6.7032004603563922e-01   7.2252735364207221e-01   7.7105158580356625e-01   8.1464731641141452e-01   8.5214378896621135e-01   8.8249690258459546e-01   9.0483741803595952e-01   9.1851228440145738e-01   9.2311634638663576e-01   9.1851228440145738e-01   9.0483741803595952e-01   8.8249690258459546e-01   8.5214378896621135e-01   8.1464731641141452e-01   7.7105158580356625e-01   7.2252735364207221e-01   6.7032004603563922e-01   6.1569719676428503e-01   5.5989836656540204e-01
   5.3526142851899028e-01   5.8860496967835518e-01   6.4082427603231873e-01   6.9073433063735468e-01   7.3712337439162767e-01   7.7880078307140488e-01   8.1464731641141452e-01   8.4366481659638370e-01   8.6502229311074130e-01   8.7809543092056130e-01   8.8249690258459546e-01   8.7809543092056130e-01   8.6502229311074130e-01   8.4366481659638370e-01   8.1464731641141452e-01   7.7880078307140488e-01   7.3712337439162767e-01   6.9073433063735468e-01   6.4082427603231873e-01   5.8860496967835518e-01   5.3526142851899028e-01
   5.0661699236558966e-01   5.5710586181217392e-01   6.0653065971263342e-01   6.5376978512984729e-01   6.9767632607103103e-01   7.3712337439162767e-01   7.7105158580356625e-01   7.9851621875937706e-01   8.1873075307798182e-01   8.3110428385212565e-01   8.3527021141127200e-01   8.3110428385212565e-01   8.1873075307798182e-01   7.9851621875937706e-01   7.7105158580356625e-01   7.3712337439162767e-01   6.9767632607103103e-01   6.5376978512984729e-01   6.0653065971263342e-01   5.5710586181217392e-01   5.0661699236558966e-01
   4.7473429993991240e-01   5.2204577676101604e-01   5.6836014675754043e-01   6.1262639418441611e-01   6.5376978512984729e-01   6.9073433063735468e-01   7.2252735364207221e-01   7.4826356757856516e-01   7.6720594997585567e-01   7.7880078307140488e-01   7.8270453824186825e-01   7.7880078307140488e-01   7.6720594997585567e-01   7.4826356757856516e-01   7.2252735364207221e-01   6.9073433063735468e-01   6.5376978512984729e-01   6.1262639418441611e-01   5.6836014675754043e-01   5.2204577676101604e-01   4.7473429993991240e-01
   4.4043165450599925e-01   4.8432456895536241e-01   5.2729242404304855e-01   5.6836014675754043e-01   6.0653065971263342e-01   6.4082427603231873e-01   6.7032004603563922e-01   6.9419665087797877e-01   7.1177032276260965e-01   7.2252735364207221e-01   7.2614903707369094e-01   7.2252735364207221e-01   7.1177032276260965e-01   6.9419665087797877e-01   6.7032004603563922e-01   6.4082427603231873e-01   6.0653065971263342e-01   5.6836014675754043e-01   5.2729242404304855e-01   4.8432456895536241e-01   4.4043165450599925e-01
   4.0454188510301881e-01   4.4485806622294111e-01   4.8432456895536241e-01   5.2204577676101604e-01   5.5710586181217392e-01   5.8860496967835518e-01   6.1569719676428503e-01   6.3762815162177322e-01   6.5376978512984718e-01   6.6365025013631929e-01   6.6697681085847438e-01   6.6365025013631929e-01   6.5376978512984718e-01   6.3762815162177322e-01   6.1569719676428503e-01   5.8860496967835518e-01   5.5710586181217392e-01   5.2204577676101604e-01   4.8432456895536241e-01   4.4485806622294111e-01   4.0454188510301881e-01
   3.6787944117144233e-01   4.0454188510301881e-01   4.4043165450599925e-01   4.7473429993991240e-01   5.0661699236558966e-01   5.3526142851899028e-01   5.5989836656540204e-01   5.7984178333984637e-01   5.9452054797019427e-01   6.0350557542704053e-01   6.0653065971263342e-01   6.0350557542704053e-01   5.9452054797019427e-01   5.7984178333984637e-01   5.5989836656540204e-01   5.3526142851899028e-01   5.0661699236558966e-01   4.7473429993991240e-01   4.4043165450599925e-01   4.0454188510301881e-01   3.6787944117144233e-01
