17  17
1.6901331540606609e-01   2.0816079512556979e-01   2.4935220877729622e-01   2.9051179209304512e-01   3.2919298780790557e-01   3.6280532298705126e-01   3.8889556398922293e-01   4.0544186667908066e-01   4.1111229050718745e-01   4.0544186667908066e-01   3.8889556398922293e-01   3.6280532298705126e-01   3.2919298780790557e-01   2.9051179209304512e-01   2.4935220877729622e-01   2.0816079512556979e-01   1.6901331540606609e-01
   2.0816079512556979e-01   2.5637575668641222e-01   3.0710807560157544e-01   3.5780119152240508e-01   4.0544186667908055e-01   4.4683961336020983e-01   4.7897297101301678e-01   4.9935178859927615e-01   5.0633561664810056e-01   4.9935178859927615e-01   4.7897297101301678e-01   4.4683961336020983e-01   4.0544186667908055e-01   3.5780119152240508e-01   3.0710807560157544e-01   2.5637575668641222e-01   2.0816079512556979e-01
   2.4935220877729622e-01   3.0710807560157544e-01   3.6787944117144233e-01   4.2860384615383690e-01   4.8567178524771237e-01   5.3526142851899028e-01   5.7375342073743274e-01   5.9816485313198164e-01   6.0653065971263342e-01   5.9816485313198164e-01   5.7375342073743274e-01   5.3526142851899028e-01   4.8567178524771237e-01   4.2860384615383690e-01   3.6787944117144233e-01   3.0710807560157544e-01   2.4935220877729622e-01
   2.9051179209304512e-01   3.5780119152240508e-01   4.2860384615383690e-01   4.9935178859927615e-01   5.6583970678742268e-01   6.2361491642617306e-01   6.6846062962616570e-01   6.9690156065811215e-01   7.0664827785771622e-01   6.9690156065811215e-01   6.6846062962616570e-01   6.2361491642617306e-01   5.6583970678742268e-01   4.9935178859927615e-01   4.2860384615383690e-01   3.5780119152240508e-01   2.9051179209304512e-01
   3.2919298780790557e-01   4.0544186667908055e-01   4.8567178524771237e-01   5.6583970678742268e-01   6.4118038842995462e-01   7.0664827785771633e-01   7.5746512839696645e-01   7.8969292539959679e-01   8.0073740291680806e-01   7.8969292539959679e-01   7.5746512839696645e-01   7.0664827785771633e-01   6.4118038842995462e-01   5.6583970678742268e-01   4.8567178524771237e-01   4.0544186667908055e-01   3.2919298780790557e-01
   3.6280532298705126e-01   4.4683961336020983e-01   5.3526142851899028e-01   6.2361491642617306e-01   7.0664827785771633e-01   7.7880078307140488e-01   8.3480630128078936e-01   8.7032472583339060e-01   8.8249690258459546e-01   8.7032472583339060e-01   8.3480630128078936e-01   7.7880078307140488e-01   7.0664827785771633e-01   6.2361491642617306e-01   5.3526142851899028e-01   4.4683961336020983e-01   3.6280532298705126e-01
   3.8889556398922293e-01   4.7897297101301678e-01   5.7375342073743274e-01   6.6846062962616570e-01   7.5746512839696645e-01   8.3480630128078936e-01   8.9483931681436979e-01   9.3291196038714741e-01   9.4595946890676541e-01   9.3291196038714741e-01   8.9483931681436979e-01   8.3480630128078936e-01   7.5746512839696645e-01   6.6846062962616570e-01   5.7375342073743274e-01   4.7897297101301678e-01   3.8889556398922293e-01
   4.0544186667908066e-01   4.9935178859927615e-01   5.9816485313198164e-01   6.9690156065811215e-01   7.8969292539959679e-01   8.7032472583339060e-01   9.3291196038714741e-01   9.7260447711634834e-01   9.8620711674391626e-01   9.7260447711634834e-01   9.3291196038714741e-01   8.7032472583339060e-01   7.8969292539959679e-01   6.9690156065811215e-01   5.9816485313198164e-01   4.9935178859927615e-01   4.0544186667908066e-01
   4.1111229050718745e-01   5.0633561664810056e-01   6.0653065971263342e-01   7.0664827785771622e-01   8.0073740291680806e-01   8.8249690258459546e-01   9.4595946890676541e-01   9.8620711674391626e-01   1.0000000000000000e+00   9.8620711674391626e-01   9.4595946890676541e-01   8.8249690258459546e-01   8.0073740291680806e-01   7.0664827785771622e-01   6.0653065971263342e-01   5.0633561664810056e-01   4.1111229050718745e-01
   4.0544186667908066e-01   4.9935178859927615e-01   5.9816485313198164e-01   6.9690156065811215e-01   7.8969292539959679e-01   8.7032472583339060e-01   9.3291196038714741e-01   9.7260447711634834e-01   9.8620711674391626e-01   9.7260447711634834e-01   9.3291196038714741e-01   8.7032472583339060e-01   7.8969292539959679e-01   6.9690156065811215e-01   5.9816485313198164e-01   4.9935178859927615e-01   4.0544186667908066e-01
   3.8889556398922293e-01   4.7897297101301678e-01   5.7375342073743274e-01   6.6846062962616570e-01   7.5746512839696645e-01   8.3480630128078936e-01   8.9483931681436979e-01   9.3291196038714741e-01   9.4595946890676541e-01   9.3291196038714741e-01   8.9483931681436979e-01   8.3480630128078936e-01   7.5746512839696645e-01   6.6846062962616570e-01   5.7375342073743274e-01   4.7897297101301678e-01   3.8889556398922293e-01
   3.6280532298705126e-01   4.4683961336020983e-01   5.3526142851899028e-01   6.2361491642617306e-01   7.0664827785771633e-01   7.7880078307140488e-01   8.3480630128078936e-01   8.7032472583339060e-01   8.8249690258459546e-01   8.7032472583339060e-01   8.3480630128078936e-01   7.7880078307140488e-01   7.0664827785771633e-01   6.2361491642617306e-01   5.3526142851899028e-01   4.4683961336020983e-01   3.6280532298705126e-01
   3.2919298780790557e-01   4.0544186667908055e-01   4.8567178524771237e-01   5.6583970678742268e-01   6.4118038842995462e-01   7.0664827785771633e-01   7.5746512839696645e-01   7.8969292539959679e-01   8.0073740291680806e-01   7.8969292539959679e-01   7.5746512839696645e-01   7.0664827785771633e-01   6.4118038842995462e-01   5.6583970678742268e-01   4.8567178524771237e-01   4.0544186667908055e-01   3.2919298780790557e-01
   2.9051179209304512e-01   3.5780119152240508e-01   4.2860384615383690e-01   4.9935178859927615e-01   5.6583970678742268e-01   6.2361491642617306e-01   6.6846062962616570e-01   6.9690156065811215e-01   7.0664827785771622e-01   6.9690156065811215e-01   6.6846062962616570e-01   6.2361491642617306e-01   5.6583970678742268e-01   4.9935178859927615e-01   4.2860384615383690e-01   3.5780119152240508e-01   2.9051179209304512e-01
   2.4935220877729622e-01   3.0710807560157544e-01   3.6787944117144233e-01   4.2860384615383690e-01   4.8567178524771237e-01   5.3526142851899028e-01   5.7375342073743274e-01   5.9816485313198164e-01   6.0653065971263342e-01   5.9816485313198164e-01   5.7375342073743274e-01   5.3526142851899028e-01   4.8567178524771237e-01   4.2860384615383690e-01   3.6787944117144233e-01   3.0710807560157544e-01   2.4935220877729622e-01
   2.0816079512556979e-01   2.5637575668641222e-01   3.0710807560157544e-01   3.5780119152240508e-01   4.0544186667908055e-01   4.4683961336020983e-01   4.7897297101301678e-01   4.9935178859927615e-01   5.0633561664810056e-01   4.9935178859927615e-01   4.7897297101301678e-01   4.4683961336020983e-01   4.0544186667908055e-01   3.5780119152240508e-01   3.0710807560157544e-01   2.5637575668641222e-01   2.0816079512556979e-01
   1.6901331540606609e-01   2.0816079512556979e-01   2.4935220877729622e-01   2.9051179209304512e-01   3.2919298780790557e-01   3.6280532298705126e-01   3.8889556398922293e-01   4.0544186667908066e-01   4.1111229050718745e-01   4.0544186667908066e-01   3.8889556398922293e-01   3.6280532298705126e-01   3.2919298780790557e-01   2.9051179209304512e-01   2.4935220877729622e-01   2.0816079512556979e-01   1.6901331540606609e-01
