33 33
   3.6787944117144233e-01   3.9084151837960834e-01   4.1361797370441067e-01   4.3601522130172388e-01   4.5783336177161427e-01   4.7886903850371154e-01   4.9891851158647194e-01   5.1778088662775290e-01   5.3526142851899028e-01   5.5117488474881937e-01   5.6534873961061416e-01   5.7762631975431722e-01   5.8786967312234650e-01   5.9596214740448550e-01   6.0181060067169445e-01   6.0534718563050682e-01   6.0653065971263342e-01   6.0534718563050682e-01   6.0181060067169445e-01   5.9596214740448550e-01   5.8786967312234650e-01   5.7762631975431722e-01   5.6534873961061416e-01   5.5117488474881937e-01   5.3526142851899028e-01   5.1778088662775290e-01   4.9891851158647194e-01   4.7886903850371154e-01   4.5783336177161427e-01   4.3601522130172388e-01   4.1361797370441067e-01   3.9084151837960834e-01   3.6787944117144233e-01
   3.9084151837960834e-01   4.1523682868184131e-01   4.3943493106588422e-01   4.6323015656308297e-01   4.8641012857325439e-01   5.0875879749570174e-01   5.3005970650389300e-01   5.5009942190061234e-01   5.6867105371867210e-01   5.8557778646711967e-01   6.0063633645794234e-01   6.1368025119835856e-01   6.2456296802241085e-01   6.3316055348629974e-01   6.3937405198420272e-01   6.4313138137118653e-01   6.4438872482519527e-01   6.4313138137118653e-01   6.3937405198420272e-01   6.3316055348629974e-01   6.2456296802241085e-01   6.1368025119835856e-01   6.0063633645794234e-01   5.8557778646711967e-01   5.6867105371867210e-01   5.5009942190061234e-01   5.3005970650389300e-01   5.0875879749570174e-01   4.8641012857325439e-01   4.6323015656308297e-01   4.3943493106588422e-01   4.1523682868184131e-01   3.9084151837960834e-01
   4.1361797370441067e-01   4.3943493106588422e-01   4.6504318813405632e-01   4.9022509049385532e-01   5.1475588520860704e-01   5.3840693229546044e-01   5.6094916081447077e-01   5.8215669912915313e-01   6.0181060067169445e-01   6.1970258044489490e-01   6.3563867382605199e-01   6.4944272823273841e-01   6.6095963999744889e-01   6.7005825340235914e-01   6.7663384616172895e-01   6.8061013551304317e-01   6.8194075119034814e-01   6.8061013551304317e-01   6.7663384616172895e-01   6.7005825340235914e-01   6.6095963999744889e-01   6.4944272823273841e-01   6.3563867382605199e-01   6.1970258044489490e-01   6.0181060067169445e-01   5.8215669912915313e-01   5.6094916081447077e-01   5.3840693229546044e-01   5.1475588520860704e-01   4.9022509049385532e-01   4.6504318813405632e-01   4.3943493106588422e-01   4.1361797370441067e-01
   4.3601522130172388e-01   4.6323015656308297e-01   4.9022509049385532e-01   5.1677058277957666e-01   5.4262971020207929e-01   5.6756145201502428e-01   5.9132433317882593e-01   6.1368025119835856e-01   6.3439840363686328e-01   6.5325922694797267e-01   6.7005825340235914e-01   6.8460979182581672e-01   6.9675033974937317e-01   7.0634163942561956e-01   7.1327329789899030e-01   7.1746490172593602e-01   7.1886756970917576e-01   7.1746490172593602e-01   7.1327329789899030e-01   7.0634163942561956e-01   6.9675033974937317e-01   6.8460979182581672e-01   6.7005825340235914e-01   6.5325922694797267e-01   6.3439840363686328e-01   6.1368025119835856e-01   5.9132433317882593e-01   5.6756145201502428e-01   5.4262971020207929e-01   5.1677058277957666e-01   4.9022509049385532e-01   4.6323015656308297e-01   4.3601522130172388e-01
   4.5783336177161427e-01   4.8641012857325439e-01   5.1475588520860704e-01   5.4262971020207929e-01   5.6978282473092301e-01   5.9596214740448550e-01   6.2091411980609579e-01   6.4438872482519527e-01   6.6614361070348771e-01   6.8594822696556568e-01   7.0358787434562753e-01   7.1886756970917576e-01   7.3161562894664178e-01   7.4168687591234372e-01   7.4896539360271563e-01   7.5336674469678067e-01   7.5483960198900735e-01   7.5336674469678067e-01   7.4896539360271563e-01   7.4168687591234372e-01   7.3161562894664178e-01   7.1886756970917576e-01   7.0358787434562753e-01   6.8594822696556568e-01   6.6614361070348771e-01   6.4438872482519527e-01   6.2091411980609579e-01   5.9596214740448550e-01   5.6978282473092301e-01   5.4262971020207929e-01   5.1475588520860704e-01   4.8641012857325439e-01   4.5783336177161427e-01
   4.7886903850371154e-01   5.0875879749570174e-01   5.3840693229546044e-01   5.6756145201502428e-01   5.9596214740448550e-01   6.2334430895963433e-01   6.4944272823273841e-01   6.7399590079153104e-01   6.9675033974937317e-01   7.1746490172593602e-01   7.3591502285242671e-01   7.5189676127152860e-01   7.6523054465116569e-01   7.7576452656182626e-01   7.8337746406081821e-01   7.8798104025801019e-01   7.8952156966078790e-01   7.8798104025801019e-01   7.8337746406081821e-01   7.7576452656182626e-01   7.6523054465116569e-01   7.5189676127152860e-01   7.3591502285242671e-01   7.1746490172593602e-01   6.9675033974937317e-01   6.7399590079153104e-01   6.4944272823273841e-01   6.2334430895963433e-01   5.9596214740448550e-01   5.6756145201502428e-01   5.3840693229546044e-01   5.0875879749570174e-01   4.7886903850371154e-01
   4.9891851158647194e-01   5.3005970650389300e-01   5.6094916081447077e-01   5.9132433317882593e-01   6.2091411980609579e-01   6.4944272823273841e-01   6.7663384616172895e-01   7.0221502039265316e-01   7.2592215095240831e-01   7.4750399817687097e-01   7.6672659607082005e-01   7.8337746406081821e-01   7.9726951141132441e-01   8.0824453412811437e-01   8.1617621302233978e-01   8.2097253351834554e-01   8.2257756239866464e-01   8.2097253351834554e-01   8.1617621302233978e-01   8.0824453412811437e-01   7.9726951141132441e-01   7.8337746406081821e-01   7.6672659607082005e-01   7.4750399817687097e-01   7.2592215095240831e-01   7.0221502039265316e-01   6.7663384616172895e-01   6.4944272823273841e-01   6.2091411980609579e-01   5.9132433317882593e-01   5.6094916081447077e-01   5.3005970650389300e-01   4.9891851158647194e-01
   5.1778088662775290e-01   5.5009942190061234e-01   5.8215669912915313e-01   6.1368025119835856e-01   6.4438872482519527e-01   6.7399590079153104e-01   7.0221502039265316e-01   7.2876332991949122e-01   7.5336674469678067e-01   7.7576452656182626e-01   7.9571386407822486e-01   8.1299424352048699e-01   8.2741150090255378e-01   8.3880145108698256e-01   8.4703299919538910e-01   8.5201065190078951e-01   8.5367636134514768e-01   8.5201065190078951e-01   8.4703299919538910e-01   8.3880145108698256e-01   8.2741150090255378e-01   8.1299424352048699e-01   7.9571386407822486e-01   7.7576452656182626e-01   7.5336674469678067e-01   7.2876332991949122e-01   7.0221502039265316e-01   6.7399590079153104e-01   6.4438872482519527e-01   6.1368025119835856e-01   5.8215669912915313e-01   5.5009942190061234e-01   5.1778088662775290e-01
   5.3526142851899028e-01   5.6867105371867210e-01   6.0181060067169445e-01   6.3439840363686328e-01   6.6614361070348771e-01   6.9675033974937317e-01   7.2592215095240831e-01   7.5336674469678067e-01   7.7880078307140488e-01   8.0195472526270872e-01   8.2257756239866464e-01   8.4044133610003946e-01   8.5534532730742252e-01   8.6711980791095333e-01   8.7562925720353824e-01   8.8077495795567795e-01   8.8249690258459546e-01   8.8077495795567795e-01   8.7562925720353824e-01   8.6711980791095333e-01   8.5534532730742252e-01   8.4044133610003946e-01   8.2257756239866464e-01   8.0195472526270872e-01   7.7880078307140488e-01   7.5336674469678067e-01   7.2592215095240831e-01   6.9675033974937317e-01   6.6614361070348771e-01   6.3439840363686328e-01   6.0181060067169445e-01   5.6867105371867210e-01   5.3526142851899028e-01
   5.5117488474881937e-01   5.8557778646711967e-01   6.1970258044489490e-01   6.5325922694797267e-01   6.8594822696556568e-01   7.1746490172593602e-01   7.4750399817687097e-01   7.7576452656182626e-01   8.0195472526270872e-01   8.2579703995010068e-01   8.4703299919538910e-01   8.6542786735967525e-01   8.8077495795567795e-01   8.9289949681435277e-01   9.0166193416406737e-01   9.0696061788738358e-01   9.0873375636107001e-01   9.0696061788738358e-01   9.0166193416406737e-01   8.9289949681435277e-01   8.8077495795567795e-01   8.6542786735967525e-01   8.4703299919538910e-01   8.2579703995010068e-01   8.0195472526270872e-01   7.7576452656182626e-01   7.4750399817687097e-01   7.1746490172593602e-01   6.8594822696556568e-01   6.5325922694797267e-01   6.1970258044489490e-01   5.8557778646711967e-01   5.5117488474881937e-01
   5.6534873961061416e-01   6.0063633645794234e-01   6.3563867382605199e-01   6.7005825340235914e-01   7.0358787434562753e-01   7.3591502285242671e-01   7.6672659607082005e-01   7.9571386407822486e-01   8.2257756239866464e-01   8.4703299919538910e-01   8.6881505626284317e-01   8.8768296156792947e-01   9.0342471353308673e-01   9.1586104354699049e-01   9.2484881321620482e-01   9.3028375636666649e-01   9.3210249235952758e-01   9.3028375636666649e-01   9.2484881321620482e-01   9.1586104354699049e-01   9.0342471353308673e-01   8.8768296156792947e-01   8.6881505626284317e-01   8.4703299919538910e-01   8.2257756239866464e-01   7.9571386407822486e-01   7.6672659607082005e-01   7.3591502285242671e-01   7.0358787434562753e-01   6.7005825340235914e-01   6.3563867382605199e-01   6.0063633645794234e-01   5.6534873961061416e-01
   5.7762631975431722e-01   6.1368025119835856e-01   6.4944272823273841e-01   6.8460979182581672e-01   7.1886756970917576e-01   7.5189676127152860e-01   7.8337746406081821e-01   8.1299424352048699e-01   8.4044133610003946e-01   8.6542786735967525e-01   8.8768296156792947e-01   9.0696061788738358e-01   9.2304423073912845e-01   9.3575063836662076e-01   9.4493359386485609e-01   9.5048656672942344e-01   9.5234479989517640e-01   9.5048656672942344e-01   9.4493359386485609e-01   9.3575063836662076e-01   9.2304423073912845e-01   9.0696061788738358e-01   8.8768296156792947e-01   8.6542786735967525e-01   8.4044133610003946e-01   8.1299424352048699e-01   7.8337746406081821e-01   7.5189676127152860e-01   7.1886756970917576e-01   6.8460979182581672e-01   6.4944272823273841e-01   6.1368025119835856e-01   5.7762631975431722e-01
   5.8786967312234650e-01   6.2456296802241085e-01   6.6095963999744889e-01   6.9675033974937317e-01   7.3161562894664178e-01   7.6523054465116569e-01   7.9726951141132441e-01   8.2741150090255378e-01   8.5534532730742252e-01   8.8077495795567795e-01   9.0342471353308673e-01   9.2304423073912845e-01   9.3941306281347581e-01   9.5234479989517640e-01   9.6169060160542530e-01   9.6734204827797121e-01   9.6923323447634413e-01   9.6734204827797121e-01   9.6169060160542530e-01   9.5234479989517640e-01   9.3941306281347581e-01   9.2304423073912845e-01   9.0342471353308673e-01   8.8077495795567795e-01   8.5534532730742252e-01   8.2741150090255378e-01   7.9726951141132441e-01   7.6523054465116569e-01   7.3161562894664178e-01   6.9675033974937317e-01   6.6095963999744889e-01   6.2456296802241085e-01   5.8786967312234650e-01
   5.9596214740448550e-01   6.3316055348629974e-01   6.7005825340235914e-01   7.0634163942561956e-01   7.4168687591234372e-01   7.7576452656182626e-01   8.0824453412811437e-01   8.3880145108698256e-01   8.6711980791095333e-01   8.9289949681435277e-01   9.1586104354699049e-01   9.3575063836662076e-01   9.5234479989517640e-01   9.6545455219783782e-01   9.7492900599449983e-01   9.8065824913953858e-01   9.8257546895790038e-01   9.8065824913953858e-01   9.7492900599449983e-01   9.6545455219783782e-01   9.5234479989517640e-01   9.3575063836662076e-01   9.1586104354699049e-01   8.9289949681435277e-01   8.6711980791095333e-01   8.3880145108698256e-01   8.0824453412811437e-01   7.7576452656182626e-01   7.4168687591234372e-01   7.0634163942561956e-01   6.7005825340235914e-01   6.3316055348629974e-01   5.9596214740448550e-01
   6.0181060067169445e-01   6.3937405198420272e-01   6.7663384616172895e-01   7.1327329789899030e-01   7.4896539360271563e-01   7.8337746406081821e-01   8.1617621302233978e-01   8.4703299919538910e-01   8.7562925720353824e-01   9.0166193416406737e-01   9.2484881321620482e-01   9.4493359386485609e-01   9.6169060160542530e-01   9.7492900599449983e-01   9.8449643700540845e-01   9.9028190387360837e-01   9.9221793826024351e-01   9.9028190387360837e-01   9.8449643700540845e-01   9.7492900599449983e-01   9.6169060160542530e-01   9.4493359386485609e-01   9.2484881321620482e-01   9.0166193416406737e-01   8.7562925720353824e-01   8.4703299919538910e-01   8.1617621302233978e-01   7.8337746406081821e-01   7.4896539360271563e-01   7.1327329789899030e-01   6.7663384616172895e-01   6.3937405198420272e-01   6.0181060067169445e-01
   6.0534718563050682e-01   6.4313138137118653e-01   6.8061013551304317e-01   7.1746490172593602e-01   7.5336674469678067e-01   7.8798104025801019e-01   8.2097253351834554e-01   8.5201065190078951e-01   8.8077495795567795e-01   9.0696061788738358e-01   9.3028375636666649e-01   9.5048656672942344e-01   9.6734204827797121e-01   9.8065824913953858e-01   9.9028190387360837e-01   9.9610136947011751e-01   9.9804878110747552e-01   9.9610136947011751e-01   9.9028190387360837e-01   9.8065824913953858e-01   9.6734204827797121e-01   9.5048656672942344e-01   9.3028375636666649e-01   9.0696061788738358e-01   8.8077495795567795e-01   8.5201065190078951e-01   8.2097253351834554e-01   7.8798104025801019e-01   7.5336674469678067e-01   7.1746490172593602e-01   6.8061013551304317e-01   6.4313138137118653e-01   6.0534718563050682e-01
   6.0653065971263342e-01   6.4438872482519527e-01   6.8194075119034814e-01   7.1886756970917576e-01   7.5483960198900735e-01   7.8952156966078790e-01   8.2257756239866464e-01   8.5367636134514768e-01   8.8249690258459546e-01   9.0873375636107001e-01   9.3210249235952758e-01   9.5234479989517640e-01   9.6923323447634413e-01   9.8257546895790038e-01   9.9221793826024351e-01   9.9804878110747552e-01   1.0000000000000000e+00   9.9804878110747552e-01   9.9221793826024351e-01   9.8257546895790038e-01   9.6923323447634413e-01   9.5234479989517640e-01   9.3210249235952758e-01   9.0873375636107001e-01   8.8249690258459546e-01   8.5367636134514768e-01   8.2257756239866464e-01   7.8952156966078790e-01   7.5483960198900735e-01   7.1886756970917576e-01   6.8194075119034814e-01   6.4438872482519527e-01   6.0653065971263342e-01
   6.0534718563050682e-01   6.4313138137118653e-01   6.8061013551304317e-01   7.1746490172593602e-01   7.5336674469678067e-01   7.8798104025801019e-01   8.2097253351834554e-01   8.5201065190078951e-01   8.8077495795567795e-01   9.0696061788738358e-01   9.3028375636666649e-01   9.5048656672942344e-01   9.6734204827797121e-01   9.8065824913953858e-01   9.9028190387360837e-01   9.9610136947011751e-01   9.9804878110747552e-01   9.9610136947011751e-01   9.9028190387360837e-01   9.8065824913953858e-01   9.6734204827797121e-01   9.5048656672942344e-01   9.3028375636666649e-01   9.0696061788738358e-01   8.8077495795567795e-01   8.5201065190078951e-01   8.2097253351834554e-01   7.8798104025801019e-01   7.5336674469678067e-01   7.1746490172593602e-01   6.8061013551304317e-01   6.4313138137118653e-01   6.0534718563050682e-01
   6.0181060067169445e-01   6.3937405198420272e-01   6.7663384616172895e-01   7.1327329789899030e-01   7.4896539360271563e-01   7.8337746406081821e-01   8.1617621302233978e-01   8.4703299919538910e-01   8.7562925720353824e-01   9.0166193416406737e-01   9.2484881321620482e-01   9.4493359386485609e-01   9.6169060160542530e-01   9.7492900599449983e-01   9.8449643700540845e-01   9.9028190387360837e-01   9.9221793826024351e-01   9.9028190387360837e-01   9.8449643700540845e-01   9.7492900599449983e-01   9.6169060160542530e-01   9.4493359386485609e-01   9.2484881321620482e-01   9.0166193416406737e-01   8.7562925720353824e-01   8.4703299919538910e-01   8.1617621302233978e-01   7.8337746406081821e-01   7.4896539360271563e-01   7.1327329789899030e-01   6.7663384616172895e-01   6.3937405198420272e-01   6.0181060067169445e-01
   5.9596214740448550e-01   6.3316055348629974e-01   6.7005825340235914e-01   7.0634163942561956e-01   7.4168687591234372e-01   7.7576452656182626e-01   8.0824453412811437e-01   8.3880145108698256e-01   8.6711980791095333e-01   8.9289949681435277e-01   9.1586104354699049e-01   9.3575063836662076e-01   9.5234479989517640e-01   9.6545455219783782e-01   9.7492900599449983e-01   9.8065824913953858e-01   9.8257546895790038e-01   9.8065824913953858e-01   9.7492900599449983e-01   9.6545455219783782e-01   9.5234479989517640e-01   9.3575063836662076e-01   9.1586104354699049e-01   8.9289949681435277e-01   8.6711980791095333e-01   8.3880145108698256e-01   8.0824453412811437e-01   7.7576452656182626e-01   7.4168687591234372e-01   7.0634163942561956e-01   6.7005825340235914e-01   6.3316055348629974e-01   5.9596214740448550e-01
   5.8786967312234650e-01   6.2456296802241085e-01   6.6095963999744889e-01   6.9675033974937317e-01   7.3161562894664178e-01   7.6523054465116569e-01   7.9726951141132441e-01   8.2741150090255378e-01   8.5534532730742252e-01   8.8077495795567795e-01   9.0342471353308673e-01   9.2304423073912845e-01   9.3941306281347581e-01   9.5234479989517640e-01   9.6169060160542530e-01   9.6734204827797121e-01   9.6923323447634413e-01   9.6734204827797121e-01   9.6169060160542530e-01   9.5234479989517640e-01   9.3941306281347581e-01   9.2304423073912845e-01   9.0342471353308673e-01   8.8077495795567795e-01   8.5534532730742252e-01   8.2741150090255378e-01   7.9726951141132441e-01   7.6523054465116569e-01   7.3161562894664178e-01   6.9675033974937317e-01   6.6095963999744889e-01   6.2456296802241085e-01   5.8786967312234650e-01
   5.7762631975431722e-01   6.1368025119835856e-01   6.4944272823273841e-01   6.8460979182581672e-01   7.1886756970917576e-01   7.5189676127152860e-01   7.8337746406081821e-01   8.1299424352048699e-01   8.4044133610003946e-01   8.6542786735967525e-01   8.8768296156792947e-01   9.0696061788738358e-01   9.2304423073912845e-01   9.3575063836662076e-01   9.4493359386485609e-01   9.5048656672942344e-01   9.5234479989517640e-01   9.5048656672942344e-01   9.4493359386485609e-01   9.3575063836662076e-01   9.2304423073912845e-01   9.0696061788738358e-01   8.8768296156792947e-01   8.6542786735967525e-01   8.4044133610003946e-01   8.1299424352048699e-01   7.8337746406081821e-01   7.5189676127152860e-01   7.1886756970917576e-01   6.8460979182581672e-01   6.4944272823273841e-01   6.1368025119835856e-01   5.7762631975431722e-01
   5.6534873961061416e-01   6.0063633645794234e-01   6.3563867382605199e-01   6.7005825340235914e-01   7.0358787434562753e-01   7.3591502285242671e-01   7.6672659607082005e-01   7.9571386407822486e-01   8.2257756239866464e-01   8.4703299919538910e-01   8.6881505626284317e-01   8.8768296156792947e-01   9.0342471353308673e-01   9.1586104354699049e-01   9.2484881321620482e-01   9.3028375636666649e-01   9.3210249235952758e-01   9.3028375636666649e-01   9.2484881321620482e-01   9.1586104354699049e-01   9.0342471353308673e-01   8.8768296156792947e-01   8.6881505626284317e-01   8.4703299919538910e-01   8.2257756239866464e-01   7.9571386407822486e-01   7.6672659607082005e-01   7.3591502285242671e-01   7.0358787434562753e-01   6.7005825340235914e-01   6.3563867382605199e-01   6.0063633645794234e-01   5.6534873961061416e-01
   5.5117488474881937e-01   5.8557778646711967e-01   6.1970258044489490e-01   6.5325922694797267e-01   6.8594822696556568e-01   7.1746490172593602e-01   7.4750399817687097e-01   7.7576452656182626e-01   8.0195472526270872e-01   8.2579703995010068e-01   8.4703299919538910e-01   8.6542786735967525e-01   8.8077495795567795e-01   8.9289949681435277e-01   9.0166193416406737e-01   9.0696061788738358e-01   9.0873375636107001e-01   9.0696061788738358e-01   9.0166193416406737e-01   8.9289949681435277e-01   8.8077495795567795e-01   8.6542786735967525e-01   8.4703299919538910e-01   8.2579703995010068e-01   8.0195472526270872e-01   7.7576452656182626e-01   7.4750399817687097e-01   7.1746490172593602e-01   6.8594822696556568e-01   6.5325922694797267e-01   6.1970258044489490e-01   5.8557778646711967e-01   5.5117488474881937e-01
   5.3526142851899028e-01   5.6867105371867210e-01   6.0181060067169445e-01   6.3439840363686328e-01   6.6614361070348771e-01   6.9675033974937317e-01   7.2592215095240831e-01   7.5336674469678067e-01   7.7880078307140488e-01   8.0195472526270872e-01   8.2257756239866464e-01   8.4044133610003946e-01   8.5534532730742252e-01   8.6711980791095333e-01   8.7562925720353824e-01   8.8077495795567795e-01   8.8249690258459546e-01   8.8077495795567795e-01   8.7562925720353824e-01   8.6711980791095333e-01   8.5534532730742252e-01   8.4044133610003946e-01   8.2257756239866464e-01   8.0195472526270872e-01   7.7880078307140488e-01   7.5336674469678067e-01   7.2592215095240831e-01   6.9675033974937317e-01   6.6614361070348771e-01   6.3439840363686328e-01   6.0181060067169445e-01   5.6867105371867210e-01   5.3526142851899028e-01
   5.1778088662775290e-01   5.5009942190061234e-01   5.8215669912915313e-01   6.1368025119835856e-01   6.4438872482519527e-01   6.7399590079153104e-01   7.0221502039265316e-01   7.2876332991949122e-01   7.5336674469678067e-01   7.7576452656182626e-01   7.9571386407822486e-01   8.1299424352048699e-01   8.2741150090255378e-01   8.3880145108698256e-01   8.4703299919538910e-01   8.5201065190078951e-01   8.5367636134514768e-01   8.5201065190078951e-01   8.4703299919538910e-01   8.3880145108698256e-01   8.2741150090255378e-01   8.1299424352048699e-01   7.9571386407822486e-01   7.7576452656182626e-01   7.5336674469678067e-01   7.2876332991949122e-01   7.0221502039265316e-01   6.7399590079153104e-01   6.4438872482519527e-01   6.1368025119835856e-01   5.8215669912915313e-01   5.5009942190061234e-01   5.1778088662775290e-01
   4.9891851158647194e-01   5.3005970650389300e-01   5.6094916081447077e-01   5.9132433317882593e-01   6.2091411980609579e-01   6.4944272823273841e-01   6.7663384616172895e-01   7.0221502039265316e-01   7.2592215095240831e-01   7.4750399817687097e-01   7.6672659607082005e-01   7.8337746406081821e-01   7.9726951141132441e-01   8.0824453412811437e-01   8.1617621302233978e-01   8.2097253351834554e-01   8.2257756239866464e-01   8.2097253351834554e-01   8.1617621302233978e-01   8.0824453412811437e-01   7.9726951141132441e-01   7.8337746406081821e-01   7.6672659607082005e-01   7.4750399817687097e-01   7.2592215095240831e-01   7.0221502039265316e-01   6.7663384616172895e-01   6.4944272823273841e-01   6.2091411980609579e-01   5.9132433317882593e-01   5.6094916081447077e-01   5.3005970650389300e-01   4.9891851158647194e-01
   4.7886903850371154e-01   5.0875879749570174e-01   5.3840693229546044e-01   5.6756145201502428e-01   5.9596214740448550e-01   6.2334430895963433e-01   6.4944272823273841e-01   6.7399590079153104e-01   6.9675033974937317e-01   7.1746490172593602e-01   7.3591502285242671e-01   7.5189676127152860e-01   7.6523054465116569e-01   7.7576452656182626e-01   7.8337746406081821e-01   7.8798104025801019e-01   7.8952156966078790e-01   7.8798104025801019e-01   7.8337746406081821e-01   7.7576452656182626e-01   7.6523054465116569e-01   7.5189676127152860e-01   7.3591502285242671e-01   7.1746490172593602e-01   6.9675033974937317e-01   6.7399590079153104e-01   6.4944272823273841e-01   6.2334430895963433e-01   5.9596214740448550e-01   5.6756145201502428e-01   5.3840693229546044e-01   5.0875879749570174e-01   4.7886903850371154e-01
   4.5783336177161427e-01   4.8641012857325439e-01   5.1475588520860704e-01   5.4262971020207929e-01   5.6978282473092301e-01   5.9596214740448550e-01   6.2091411980609579e-01   6.4438872482519527e-01   6.6614361070348771e-01   6.8594822696556568e-01   7.0358787434562753e-01   7.1886756970917576e-01   7.3161562894664178e-01   7.4168687591234372e-01   7.4896539360271563e-01   7.5336674469678067e-01   7.5483960198900735e-01   7.5336674469678067e-01   7.4896539360271563e-01   7.4168687591234372e-01   7.3161562894664178e-01   7.1886756970917576e-01   7.0358787434562753e-01   6.8594822696556568e-01   6.6614361070348771e-01   6.4438872482519527e-01   6.2091411980609579e-01   5.9596214740448550e-01   5.6978282473092301e-01   5.4262971020207929e-01   5.1475588520860704e-01   4.8641012857325439e-01   4.5783336177161427e-01
   4.3601522130172388e-01   4.6323015656308297e-01   4.9022509049385532e-01   5.1677058277957666e-01   5.4262971020207929e-01   5.6756145201502428e-01   5.9132433317882593e-01   6.1368025119835856e-01   6.3439840363686328e-01   6.5325922694797267e-01   6.7005825340235914e-01   6.8460979182581672e-01   6.9675033974937317e-01   7.0634163942561956e-01   7.1327329789899030e-01   7.1746490172593602e-01   7.1886756970917576e-01   7.1746490172593602e-01   7.1327329789899030e-01   7.0634163942561956e-01   6.9675033974937317e-01   6.8460979182581672e-01   6.7005825340235914e-01   6.5325922694797267e-01   6.3439840363686328e-01   6.1368025119835856e-01   5.9132433317882593e-01   5.6756145201502428e-01   5.4262971020207929e-01   5.1677058277957666e-01   4.9022509049385532e-01   4.6323015656308297e-01   4.3601522130172388e-01
   4.1361797370441067e-01   4.3943493106588422e-01   4.6504318813405632e-01   4.9022509049385532e-01   5.1475588520860704e-01   5.3840693229546044e-01   5.6094916081447077e-01   5.8215669912915313e-01   6.0181060067169445e-01   6.1970258044489490e-01   6.3563867382605199e-01   6.4944272823273841e-01   6.6095963999744889e-01   6.7005825340235914e-01   6.7663384616172895e-01   6.8061013551304317e-01   6.8194075119034814e-01   6.8061013551304317e-01   6.7663384616172895e-01   6.7005825340235914e-01   6.6095963999744889e-01   6.4944272823273841e-01   6.3563867382605199e-01   6.1970258044489490e-01   6.0181060067169445e-01   5.8215669912915313e-01   5.6094916081447077e-01   5.3840693229546044e-01   5.1475588520860704e-01   4.9022509049385532e-01   4.6504318813405632e-01   4.3943493106588422e-01   4.1361797370441067e-01
   3.9084151837960834e-01   4.1523682868184131e-01   4.3943493106588422e-01   4.6323015656308297e-01   4.8641012857325439e-01   5.0875879749570174e-01   5.3005970650389300e-01   5.5009942190061234e-01   5.6867105371867210e-01   5.8557778646711967e-01   6.0063633645794234e-01   6.1368025119835856e-01   6.2456296802241085e-01   6.3316055348629974e-01   6.3937405198420272e-01   6.4313138137118653e-01   6.4438872482519527e-01   6.4313138137118653e-01   6.3937405198420272e-01   6.3316055348629974e-01   6.2456296802241085e-01   6.1368025119835856e-01   6.0063633645794234e-01   5.8557778646711967e-01   5.6867105371867210e-01   5.5009942190061234e-01   5.3005970650389300e-01   5.0875879749570174e-01   4.8641012857325439e-01   4.6323015656308297e-01   4.3943493106588422e-01   4.1523682868184131e-01   3.9084151837960834e-01
   3.6787944117144233e-01   3.9084151837960834e-01   4.1361797370441067e-01   4.3601522130172388e-01   4.5783336177161427e-01   4.7886903850371154e-01   4.9891851158647194e-01   5.1778088662775290e-01   5.3526142851899028e-01   5.5117488474881937e-01   5.6534873961061416e-01   5.7762631975431722e-01   5.8786967312234650e-01   5.9596214740448550e-01   6.0181060067169445e-01   6.0534718563050682e-01   6.0653065971263342e-01   6.0534718563050682e-01   6.0181060067169445e-01   5.9596214740448550e-01   5.8786967312234650e-01   5.7762631975431722e-01   5.6534873961061416e-01   5.5117488474881937e-01   5.3526142851899028e-01   5.1778088662775290e-01   4.9891851158647194e-01   4.7886903850371154e-01   4.5783336177161427e-01   4.3601522130172388e-01   4.1361797370441067e-01   3.9084151837960834e-01   3.6787944117144233e-01
