7 7
3.67879441e-01 4.85671785e-01 5.73753421e-01 6.06530660e-01 5.73753421e-01 4.85671785e-01 3.67879441e-01
 4.85671785e-01 6.41180388e-01 7.57465128e-01 8.00737403e-01 7.57465128e-01 6.41180388e-01 4.85671785e-01
 5.73753421e-01 7.57465128e-01 8.94839317e-01 9.45959469e-01 8.94839317e-01 7.57465128e-01 5.73753421e-01
 6.06530660e-01 8.00737403e-01 9.45959469e-01 1.00000000e+00 9.45959469e-01 8.00737403e-01 6.06530660e-01
 5.73753421e-01 7.57465128e-01 8.94839317e-01 9.45959469e-01 8.94839317e-01 7.57465128e-01 5.73753421e-01
 4.85671785e-01 6.41180388e-01 7.57465128e-01 8.00737403e-01 7.57465128e-01 6.41180388e-01 4.85671785e-01
 3.67879441e-01 4.85671785e-01 5.73753421e-01 6.06530660e-01 5.73753421e-01 4.85671785e-01 3.67879441e-01
