13  13
   1.0539922456186433e-01   1.4863673053812251e-01   1.9691167520419406e-01   2.4506053924552590e-01   2.8650479686019009e-01   3.1466396101845906e-01   3.2465246735834974e-01   3.1466396101845906e-01   2.8650479686019009e-01   2.4506053924552590e-01   1.9691167520419406e-01   1.4863673053812251e-01   1.0539922456186433e-01
   1.4863673053812251e-01   2.0961138715109784e-01   2.7768997095378994e-01   3.4559075257697452e-01   4.0403652366334208e-01   4.4374731008107987e-01   4.5783336177161427e-01   4.4374731008107987e-01   4.0403652366334208e-01   3.4559075257697452e-01   2.7768997095378994e-01   2.0961138715109784e-01   1.4863673053812251e-01
   1.9691167520419406e-01   2.7768997095378994e-01   3.6787944117144233e-01   4.5783336177161427e-01   5.3526142851899028e-01   5.8786967312234650e-01   6.0653065971263342e-01   5.8786967312234650e-01   5.3526142851899028e-01   4.5783336177161427e-01   3.6787944117144233e-01   2.7768997095378994e-01   1.9691167520419406e-01
   2.4506053924552590e-01   3.4559075257697452e-01   4.5783336177161427e-01   5.6978282473092301e-01   6.6614361070348771e-01   7.3161562894664178e-01   7.5483960198900735e-01   7.3161562894664178e-01   6.6614361070348771e-01   5.6978282473092301e-01   4.5783336177161427e-01   3.4559075257697452e-01   2.4506053924552590e-01
   2.8650479686019009e-01   4.0403652366334208e-01   5.3526142851899028e-01   6.6614361070348771e-01   7.7880078307140488e-01   8.5534532730742252e-01   8.8249690258459546e-01   8.5534532730742252e-01   7.7880078307140488e-01   6.6614361070348771e-01   5.3526142851899028e-01   4.0403652366334208e-01   2.8650479686019009e-01
   3.1466396101845906e-01   4.4374731008107987e-01   5.8786967312234650e-01   7.3161562894664178e-01   8.5534532730742252e-01   9.3941306281347581e-01   9.6923323447634413e-01   9.3941306281347581e-01   8.5534532730742252e-01   7.3161562894664178e-01   5.8786967312234650e-01   4.4374731008107987e-01   3.1466396101845906e-01
   3.2465246735834974e-01   4.5783336177161427e-01   6.0653065971263342e-01   7.5483960198900735e-01   8.8249690258459546e-01   9.6923323447634413e-01   1.0000000000000000e+00   9.6923323447634413e-01   8.8249690258459546e-01   7.5483960198900735e-01   6.0653065971263342e-01   4.5783336177161427e-01   3.2465246735834974e-01
   3.1466396101845906e-01   4.4374731008107987e-01   5.8786967312234650e-01   7.3161562894664178e-01   8.5534532730742252e-01   9.3941306281347581e-01   9.6923323447634413e-01   9.3941306281347581e-01   8.5534532730742252e-01   7.3161562894664178e-01   5.8786967312234650e-01   4.4374731008107987e-01   3.1466396101845906e-01
   2.8650479686019009e-01   4.0403652366334208e-01   5.3526142851899028e-01   6.6614361070348771e-01   7.7880078307140488e-01   8.5534532730742252e-01   8.8249690258459546e-01   8.5534532730742252e-01   7.7880078307140488e-01   6.6614361070348771e-01   5.3526142851899028e-01   4.0403652366334208e-01   2.8650479686019009e-01
   2.4506053924552590e-01   3.4559075257697452e-01   4.5783336177161427e-01   5.6978282473092301e-01   6.6614361070348771e-01   7.3161562894664178e-01   7.5483960198900735e-01   7.3161562894664178e-01   6.6614361070348771e-01   5.6978282473092301e-01   4.5783336177161427e-01   3.4559075257697452e-01   2.4506053924552590e-01
   1.9691167520419406e-01   2.7768997095378994e-01   3.6787944117144233e-01   4.5783336177161427e-01   5.3526142851899028e-01   5.8786967312234650e-01   6.0653065971263342e-01   5.8786967312234650e-01   5.3526142851899028e-01   4.5783336177161427e-01   3.6787944117144233e-01   2.7768997095378994e-01   1.9691167520419406e-01
   1.4863673053812251e-01   2.0961138715109784e-01   2.7768997095378994e-01   3.4559075257697452e-01   4.0403652366334208e-01   4.4374731008107987e-01   4.5783336177161427e-01   4.4374731008107987e-01   4.0403652366334208e-01   3.4559075257697452e-01   2.7768997095378994e-01   2.0961138715109784e-01   1.4863673053812251e-01
   1.0539922456186433e-01   1.4863673053812251e-01   1.9691167520419406e-01   2.4506053924552590e-01   2.8650479686019009e-01   3.1466396101845906e-01   3.2465246735834974e-01   3.1466396101845906e-01   2.8650479686019009e-01   2.4506053924552590e-01   1.9691167520419406e-01   1.4863673053812251e-01   1.0539922456186433e-01
