13 13
3.67879441e-01 4.28603846e-01 4.85671785e-01 5.35261429e-01 5.73753421e-01 5.98164853e-01 6.06530660e-01 5.98164853e-01 5.73753421e-01 5.35261429e-01 4.85671785e-01 4.28603846e-01 3.67879441e-01
 4.28603846e-01 4.99351789e-01 5.65839707e-01 6.23614916e-01 6.68460630e-01 6.96901561e-01 7.06648278e-01 6.96901561e-01 6.68460630e-01 6.23614916e-01 5.65839707e-01 4.99351789e-01 4.28603846e-01
 4.85671785e-01 5.65839707e-01 6.41180388e-01 7.06648278e-01 7.57465128e-01 7.89692925e-01 8.00737403e-01 7.89692925e-01 7.57465128e-01 7.06648278e-01 6.41180388e-01 5.65839707e-01 4.85671785e-01
 5.35261429e-01 6.23614916e-01 7.06648278e-01 7.78800783e-01 8.34806301e-01 8.70324726e-01 8.82496903e-01 8.70324726e-01 8.34806301e-01 7.78800783e-01 7.06648278e-01 6.23614916e-01 5.35261429e-01
 5.73753421e-01 6.68460630e-01 7.57465128e-01 8.34806301e-01 8.94839317e-01 9.32911960e-01 9.45959469e-01 9.32911960e-01 8.94839317e-01 8.34806301e-01 7.57465128e-01 6.68460630e-01 5.73753421e-01
 5.98164853e-01 6.96901561e-01 7.89692925e-01 8.70324726e-01 9.32911960e-01 9.72604477e-01 9.86207117e-01 9.72604477e-01 9.32911960e-01 8.70324726e-01 7.89692925e-01 6.96901561e-01 5.98164853e-01
 6.06530660e-01 7.06648278e-01 8.00737403e-01 8.82496903e-01 9.45959469e-01 9.86207117e-01 1.00000000e+00 9.86207117e-01 9.45959469e-01 8.82496903e-01 8.00737403e-01 7.06648278e-01 6.06530660e-01
 5.98164853e-01 6.96901561e-01 7.89692925e-01 8.70324726e-01 9.32911960e-01 9.72604477e-01 9.86207117e-01 9.72604477e-01 9.32911960e-01 8.70324726e-01 7.89692925e-01 6.96901561e-01 5.98164853e-01
 5.73753421e-01 6.68460630e-01 7.57465128e-01 8.34806301e-01 8.94839317e-01 9.32911960e-01 9.45959469e-01 9.32911960e-01 8.94839317e-01 8.34806301e-01 7.57465128e-01 6.68460630e-01 5.73753421e-01
 5.35261429e-01 6.23614916e-01 7.06648278e-01 7.78800783e-01 8.34806301e-01 8.70324726e-01 8.82496903e-01 8.70324726e-01 8.34806301e-01 7.78800783e-01 7.06648278e-01 6.23614916e-01 5.35261429e-01
 4.85671785e-01 5.65839707e-01 6.41180388e-01 7.06648278e-01 7.57465128e-01 7.89692925e-01 8.00737403e-01 7.89692925e-01 7.57465128e-01 7.06648278e-01 6.41180388e-01 5.65839707e-01 4.85671785e-01
 4.28603846e-01 4.99351789e-01 5.65839707e-01 6.23614916e-01 6.68460630e-01 6.96901561e-01 7.06648278e-01 6.96901561e-01 6.68460630e-01 6.23614916e-01 5.65839707e-01 4.99351789e-01 4.28603846e-01
 3.67879441e-01 4.28603846e-01 4.85671785e-01 5.35261429e-01 5.73753421e-01 5.98164853e-01 6.06530660e-01 5.98164853e-01 5.73753421e-01 5.35261429e-01 4.85671785e-01 4.28603846e-01 3.67879441e-01
