25 25
   3.6787944117144233e-01   3.9846369506125967e-01   4.2860384615383690e-01   4.5783336177161427e-01   4.8567178524771237e-01   5.1163751208597108e-01   5.3526142851899028e-01   5.5610088377320865e-01   5.7375342073743274e-01   5.8786967312234650e-01   5.9816485313198164e-01   6.0442830251543478e-01   6.0653065971263342e-01   6.0442830251543478e-01   5.9816485313198164e-01   5.8786967312234650e-01   5.7375342073743274e-01   5.5610088377320865e-01   5.3526142851899028e-01   5.1163751208597108e-01   4.8567178524771237e-01   4.5783336177161427e-01   4.2860384615383690e-01   3.9846369506125967e-01   3.6787944117144233e-01
   3.9846369506125967e-01   4.3159062049319485e-01   4.6423652192169051e-01   4.9589608071851543e-01   5.2604889667268739e-01   5.5417332631729532e-01   5.7976125535117784e-01   6.0233323251091775e-01   6.2145334176076350e-01   6.3674317167840966e-01   6.4789425817266211e-01   6.5467842957732847e-01   6.5695556964926849e-01   6.5467842957732847e-01   6.4789425817266211e-01   6.3674317167840966e-01   6.2145334176076350e-01   6.0233323251091775e-01   5.7976125535117784e-01   5.5417332631729532e-01   5.2604889667268739e-01   4.9589608071851543e-01   4.6423652192169051e-01   4.3159062049319485e-01   3.9846369506125967e-01
   4.2860384615383690e-01   4.6423652192169051e-01   4.9935178859927615e-01   5.3340610480433592e-01   5.6583970678742268e-01   5.9609149350216650e-01   6.2361491642617306e-01   6.4789425817266200e-01   6.6846062962616570e-01   6.8490699598517257e-01   6.9690156065811215e-01   7.0419889286941895e-01   7.0664827785771622e-01   7.0419889286941895e-01   6.9690156065811215e-01   6.8490699598517257e-01   6.6846062962616570e-01   6.4789425817266200e-01   6.2361491642617306e-01   5.9609149350216650e-01   5.6583970678742268e-01   5.3340610480433592e-01   4.9935178859927615e-01   4.6423652192169051e-01   4.2860384615383690e-01
   4.5783336177161427e-01   4.9589608071851543e-01   5.3340610480433592e-01   5.6978282473092301e-01   6.0442830251543478e-01   6.3674317167840955e-01   6.6614361070348771e-01   6.9207873180225443e-01   7.1404766900731564e-01   7.3161562894664178e-01   7.4442818748170425e-01   7.5222317618338685e-01   7.5483960198900735e-01   7.5222317618338685e-01   7.4442818748170425e-01   7.3161562894664178e-01   7.1404766900731564e-01   6.9207873180225443e-01   6.6614361070348771e-01   6.3674317167840955e-01   6.0442830251543478e-01   5.6978282473092301e-01   5.3340610480433592e-01   4.9589608071851543e-01   4.5783336177161427e-01
   4.8567178524771237e-01   5.2604889667268739e-01   5.6583970678742268e-01   6.0442830251543478e-01   6.4118038842995462e-01   6.7546015374827406e-01   7.0664827785771633e-01   7.3416037639923104e-01   7.5746512839696645e-01   7.7610130299524549e-01   7.8969292539959679e-01   7.9796188610635388e-01   8.0073740291680806e-01   7.9796188610635388e-01   7.8969292539959679e-01   7.7610130299524549e-01   7.5746512839696645e-01   7.3416037639923104e-01   7.0664827785771633e-01   6.7546015374827406e-01   6.4118038842995462e-01   6.0442830251543478e-01   5.6583970678742268e-01   5.2604889667268739e-01   4.8567178524771237e-01
   5.1163751208597108e-01   5.5417332631729532e-01   5.9609149350216650e-01   6.3674317167840955e-01   6.7546015374827406e-01   7.1157263624179690e-01   7.4442818748170414e-01   7.7341117985970542e-01   7.9796188610635377e-01   8.1759441633744401e-01   8.3191269481974750e-01   8.4062374333450529e-01   8.4354764906423441e-01   8.4062374333450529e-01   8.3191269481974750e-01   8.1759441633744401e-01   7.9796188610635377e-01   7.7341117985970542e-01   7.4442818748170414e-01   7.1157263624179690e-01   6.7546015374827406e-01   6.3674317167840955e-01   5.9609149350216650e-01   5.5417332631729532e-01   5.1163751208597108e-01
   5.3526142851899028e-01   5.7976125535117784e-01   6.2361491642617306e-01   6.6614361070348771e-01   7.0664827785771633e-01   7.4442818748170414e-01   7.7880078307140488e-01   8.0912201155161290e-01   8.3480630128078936e-01   8.5534532730742252e-01   8.7032472583339060e-01   8.7943799091221064e-01   8.8249690258459546e-01   8.7943799091221064e-01   8.7032472583339060e-01   8.5534532730742252e-01   8.3480630128078936e-01   8.0912201155161290e-01   7.7880078307140488e-01   7.4442818748170414e-01   7.0664827785771633e-01   6.6614361070348771e-01   6.2361491642617306e-01   5.7976125535117784e-01   5.3526142851899028e-01
   5.5610088377320865e-01   6.0233323251091775e-01   6.4789425817266200e-01   6.9207873180225443e-01   7.3416037639923104e-01   7.7341117985970542e-01   8.0912201155161290e-01   8.4062374333450529e-01   8.6730800537259367e-01   8.8864668198311347e-01   9.0420927684770191e-01   9.1367735075396794e-01   9.1685535573202892e-01   9.1367735075396794e-01   9.0420927684770191e-01   8.8864668198311347e-01   8.6730800537259367e-01   8.4062374333450529e-01   8.0912201155161290e-01   7.7341117985970542e-01   7.3416037639923104e-01   6.9207873180225443e-01   6.4789425817266200e-01   6.0233323251091775e-01   5.5610088377320865e-01
   5.7375342073743274e-01   6.2145334176076350e-01   6.6846062962616570e-01   7.1404766900731564e-01   7.5746512839696645e-01   7.9796188610635377e-01   8.3480630128078936e-01   8.6730800537259367e-01   8.9483931681436979e-01   9.1685535573202892e-01   9.3291196038714741e-01   9.4268058322165171e-01   9.4595946890676541e-01   9.4268058322165171e-01   9.3291196038714741e-01   9.1685535573202892e-01   8.9483931681436979e-01   8.6730800537259367e-01   8.3480630128078936e-01   7.9796188610635377e-01   7.5746512839696645e-01   7.1404766900731564e-01   6.6846062962616570e-01   6.2145334176076350e-01   5.7375342073743274e-01
   5.8786967312234650e-01   6.3674317167840966e-01   6.8490699598517257e-01   7.3161562894664178e-01   7.7610130299524549e-01   8.1759441633744401e-01   8.5534532730742252e-01   8.8864668198311347e-01   9.1685535573202892e-01   9.3941306281347581e-01   9.5586471362529535e-01   9.6587367724104967e-01   9.6923323447634413e-01   9.6587367724104967e-01   9.5586471362529535e-01   9.3941306281347581e-01   9.1685535573202892e-01   8.8864668198311347e-01   8.5534532730742252e-01   8.1759441633744401e-01   7.7610130299524549e-01   7.3161562894664178e-01   6.8490699598517257e-01   6.3674317167840966e-01   5.8786967312234650e-01
   5.9816485313198164e-01   6.4789425817266211e-01   6.9690156065811215e-01   7.4442818748170425e-01   7.8969292539959679e-01   8.3191269481974750e-01   8.7032472583339060e-01   9.0420927684770191e-01   9.3291196038714741e-01   9.5586471362529535e-01   9.7260447711634834e-01   9.8278872462042910e-01   9.8620711674391626e-01   9.8278872462042910e-01   9.7260447711634834e-01   9.5586471362529535e-01   9.3291196038714741e-01   9.0420927684770191e-01   8.7032472583339060e-01   8.3191269481974750e-01   7.8969292539959679e-01   7.4442818748170425e-01   6.9690156065811215e-01   6.4789425817266211e-01   5.9816485313198164e-01
   6.0442830251543478e-01   6.5467842957732847e-01   7.0419889286941895e-01   7.5222317618338685e-01   7.9796188610635388e-01   8.4062374333450529e-01   8.7943799091221064e-01   9.1367735075396794e-01   9.4268058322165171e-01   9.6587367724104967e-01   9.8278872462042910e-01   9.9307961249031607e-01   9.9653379897036909e-01   9.9307961249031607e-01   9.8278872462042910e-01   9.6587367724104967e-01   9.4268058322165171e-01   9.1367735075396794e-01   8.7943799091221064e-01   8.4062374333450529e-01   7.9796188610635388e-01   7.5222317618338685e-01   7.0419889286941895e-01   6.5467842957732847e-01   6.0442830251543478e-01
   6.0653065971263342e-01   6.5695556964926849e-01   7.0664827785771622e-01   7.5483960198900735e-01   8.0073740291680806e-01   8.4354764906423441e-01   8.8249690258459546e-01   9.1685535573202892e-01   9.4595946890676541e-01   9.6923323447634413e-01   9.8620711674391626e-01   9.9653379897036909e-01   1.0000000000000000e+00   9.9653379897036909e-01   9.8620711674391626e-01   9.6923323447634413e-01   9.4595946890676541e-01   9.1685535573202892e-01   8.8249690258459546e-01   8.4354764906423441e-01   8.0073740291680806e-01   7.5483960198900735e-01   7.0664827785771622e-01   6.5695556964926849e-01   6.0653065971263342e-01
   6.0442830251543478e-01   6.5467842957732847e-01   7.0419889286941895e-01   7.5222317618338685e-01   7.9796188610635388e-01   8.4062374333450529e-01   8.7943799091221064e-01   9.1367735075396794e-01   9.4268058322165171e-01   9.6587367724104967e-01   9.8278872462042910e-01   9.9307961249031607e-01   9.9653379897036909e-01   9.9307961249031607e-01   9.8278872462042910e-01   9.6587367724104967e-01   9.4268058322165171e-01   9.1367735075396794e-01   8.7943799091221064e-01   8.4062374333450529e-01   7.9796188610635388e-01   7.5222317618338685e-01   7.0419889286941895e-01   6.5467842957732847e-01   6.0442830251543478e-01
   5.9816485313198164e-01   6.4789425817266211e-01   6.9690156065811215e-01   7.4442818748170425e-01   7.8969292539959679e-01   8.3191269481974750e-01   8.7032472583339060e-01   9.0420927684770191e-01   9.3291196038714741e-01   9.5586471362529535e-01   9.7260447711634834e-01   9.8278872462042910e-01   9.8620711674391626e-01   9.8278872462042910e-01   9.7260447711634834e-01   9.5586471362529535e-01   9.3291196038714741e-01   9.0420927684770191e-01   8.7032472583339060e-01   8.3191269481974750e-01   7.8969292539959679e-01   7.4442818748170425e-01   6.9690156065811215e-01   6.4789425817266211e-01   5.9816485313198164e-01
   5.8786967312234650e-01   6.3674317167840966e-01   6.8490699598517257e-01   7.3161562894664178e-01   7.7610130299524549e-01   8.1759441633744401e-01   8.5534532730742252e-01   8.8864668198311347e-01   9.1685535573202892e-01   9.3941306281347581e-01   9.5586471362529535e-01   9.6587367724104967e-01   9.6923323447634413e-01   9.6587367724104967e-01   9.5586471362529535e-01   9.3941306281347581e-01   9.1685535573202892e-01   8.8864668198311347e-01   8.5534532730742252e-01   8.1759441633744401e-01   7.7610130299524549e-01   7.3161562894664178e-01   6.8490699598517257e-01   6.3674317167840966e-01   5.8786967312234650e-01
   5.7375342073743274e-01   6.2145334176076350e-01   6.6846062962616570e-01   7.1404766900731564e-01   7.5746512839696645e-01   7.9796188610635377e-01   8.3480630128078936e-01   8.6730800537259367e-01   8.9483931681436979e-01   9.1685535573202892e-01   9.3291196038714741e-01   9.4268058322165171e-01   9.4595946890676541e-01   9.4268058322165171e-01   9.3291196038714741e-01   9.1685535573202892e-01   8.9483931681436979e-01   8.6730800537259367e-01   8.3480630128078936e-01   7.9796188610635377e-01   7.5746512839696645e-01   7.1404766900731564e-01   6.6846062962616570e-01   6.2145334176076350e-01   5.7375342073743274e-01
   5.5610088377320865e-01   6.0233323251091775e-01   6.4789425817266200e-01   6.9207873180225443e-01   7.3416037639923104e-01   7.7341117985970542e-01   8.0912201155161290e-01   8.4062374333450529e-01   8.6730800537259367e-01   8.8864668198311347e-01   9.0420927684770191e-01   9.1367735075396794e-01   9.1685535573202892e-01   9.1367735075396794e-01   9.0420927684770191e-01   8.8864668198311347e-01   8.6730800537259367e-01   8.4062374333450529e-01   8.0912201155161290e-01   7.7341117985970542e-01   7.3416037639923104e-01   6.9207873180225443e-01   6.4789425817266200e-01   6.0233323251091775e-01   5.5610088377320865e-01
   5.3526142851899028e-01   5.7976125535117784e-01   6.2361491642617306e-01   6.6614361070348771e-01   7.0664827785771633e-01   7.4442818748170414e-01   7.7880078307140488e-01   8.0912201155161290e-01   8.3480630128078936e-01   8.5534532730742252e-01   8.7032472583339060e-01   8.7943799091221064e-01   8.8249690258459546e-01   8.7943799091221064e-01   8.7032472583339060e-01   8.5534532730742252e-01   8.3480630128078936e-01   8.0912201155161290e-01   7.7880078307140488e-01   7.4442818748170414e-01   7.0664827785771633e-01   6.6614361070348771e-01   6.2361491642617306e-01   5.7976125535117784e-01   5.3526142851899028e-01
   5.1163751208597108e-01   5.5417332631729532e-01   5.9609149350216650e-01   6.3674317167840955e-01   6.7546015374827406e-01   7.1157263624179690e-01   7.4442818748170414e-01   7.7341117985970542e-01   7.9796188610635377e-01   8.1759441633744401e-01   8.3191269481974750e-01   8.4062374333450529e-01   8.4354764906423441e-01   8.4062374333450529e-01   8.3191269481974750e-01   8.1759441633744401e-01   7.9796188610635377e-01   7.7341117985970542e-01   7.4442818748170414e-01   7.1157263624179690e-01   6.7546015374827406e-01   6.3674317167840955e-01   5.9609149350216650e-01   5.5417332631729532e-01   5.1163751208597108e-01
   4.8567178524771237e-01   5.2604889667268739e-01   5.6583970678742268e-01   6.0442830251543478e-01   6.4118038842995462e-01   6.7546015374827406e-01   7.0664827785771633e-01   7.3416037639923104e-01   7.5746512839696645e-01   7.7610130299524549e-01   7.8969292539959679e-01   7.9796188610635388e-01   8.0073740291680806e-01   7.9796188610635388e-01   7.8969292539959679e-01   7.7610130299524549e-01   7.5746512839696645e-01   7.3416037639923104e-01   7.0664827785771633e-01   6.7546015374827406e-01   6.4118038842995462e-01   6.0442830251543478e-01   5.6583970678742268e-01   5.2604889667268739e-01   4.8567178524771237e-01
   4.5783336177161427e-01   4.9589608071851543e-01   5.3340610480433592e-01   5.6978282473092301e-01   6.0442830251543478e-01   6.3674317167840955e-01   6.6614361070348771e-01   6.9207873180225443e-01   7.1404766900731564e-01   7.3161562894664178e-01   7.4442818748170425e-01   7.5222317618338685e-01   7.5483960198900735e-01   7.5222317618338685e-01   7.4442818748170425e-01   7.3161562894664178e-01   7.1404766900731564e-01   6.9207873180225443e-01   6.6614361070348771e-01   6.3674317167840955e-01   6.0442830251543478e-01   5.6978282473092301e-01   5.3340610480433592e-01   4.9589608071851543e-01   4.5783336177161427e-01
   4.2860384615383690e-01   4.6423652192169051e-01   4.9935178859927615e-01   5.3340610480433592e-01   5.6583970678742268e-01   5.9609149350216650e-01   6.2361491642617306e-01   6.4789425817266200e-01   6.6846062962616570e-01   6.8490699598517257e-01   6.9690156065811215e-01   7.0419889286941895e-01   7.0664827785771622e-01   7.0419889286941895e-01   6.9690156065811215e-01   6.8490699598517257e-01   6.6846062962616570e-01   6.4789425817266200e-01   6.2361491642617306e-01   5.9609149350216650e-01   5.6583970678742268e-01   5.3340610480433592e-01   4.9935178859927615e-01   4.6423652192169051e-01   4.2860384615383690e-01
   3.9846369506125967e-01   4.3159062049319485e-01   4.6423652192169051e-01   4.9589608071851543e-01   5.2604889667268739e-01   5.5417332631729532e-01   5.7976125535117784e-01   6.0233323251091775e-01   6.2145334176076350e-01   6.3674317167840966e-01   6.4789425817266211e-01   6.5467842957732847e-01   6.5695556964926849e-01   6.5467842957732847e-01   6.4789425817266211e-01   6.3674317167840966e-01   6.2145334176076350e-01   6.0233323251091775e-01   5.7976125535117784e-01   5.5417332631729532e-01   5.2604889667268739e-01   4.9589608071851543e-01   4.6423652192169051e-01   4.3159062049319485e-01   3.9846369506125967e-01
   3.6787944117144233e-01   3.9846369506125967e-01   4.2860384615383690e-01   4.5783336177161427e-01   4.8567178524771237e-01   5.1163751208597108e-01   5.3526142851899028e-01   5.5610088377320865e-01   5.7375342073743274e-01   5.8786967312234650e-01   5.9816485313198164e-01   6.0442830251543478e-01   6.0653065971263342e-01   6.0442830251543478e-01   5.9816485313198164e-01   5.8786967312234650e-01   5.7375342073743274e-01   5.5610088377320865e-01   5.3526142851899028e-01   5.1163751208597108e-01   4.8567178524771237e-01   4.5783336177161427e-01   4.2860384615383690e-01   3.9846369506125967e-01   3.6787944117144233e-01
