19 19
   2.8206295169381546e-01   3.2212600181340278e-01   3.6217599908082571e-01   4.0089228649107739e-01   4.3686764570555725e-01   4.6869056706378820e-01   4.9503589692619859e-01   5.1475588520860704e-01   5.2696296924337094e-01   5.3109599103534522e-01   5.2696296924337094e-01   5.1475588520860704e-01   4.9503589692619859e-01   4.6869056706378820e-01   4.3686764570555725e-01   4.0089228649107739e-01   3.6217599908082571e-01   3.2212600181340278e-01   2.8206295169381546e-01
   3.2212600181340278e-01   3.6787944117144233e-01   4.1361797370441067e-01   4.5783336177161427e-01   4.9891851158647194e-01   5.3526142851899028e-01   5.6534873961061416e-01   5.8786967312234650e-01   6.0181060067169445e-01   6.0653065971263342e-01   6.0181060067169445e-01   5.8786967312234650e-01   5.6534873961061416e-01   5.3526142851899028e-01   4.9891851158647194e-01   4.5783336177161427e-01   4.1361797370441067e-01   3.6787944117144233e-01   3.2212600181340278e-01
   3.6217599908082571e-01   4.1361797370441067e-01   4.6504318813405632e-01   5.1475588520860704e-01   5.6094916081447077e-01   6.0181060067169445e-01   6.3563867382605199e-01   6.6095963999744889e-01   6.7663384616172895e-01   6.8194075119034814e-01   6.7663384616172895e-01   6.6095963999744889e-01   6.3563867382605199e-01   6.0181060067169445e-01   5.6094916081447077e-01   5.1475588520860704e-01   4.6504318813405632e-01   4.1361797370441067e-01   3.6217599908082571e-01
   4.0089228649107739e-01   4.5783336177161427e-01   5.1475588520860704e-01   5.6978282473092301e-01   6.2091411980609579e-01   6.6614361070348771e-01   7.0358787434562753e-01   7.3161562894664178e-01   7.4896539360271563e-01   7.5483960198900735e-01   7.4896539360271563e-01   7.3161562894664178e-01   7.0358787434562753e-01   6.6614361070348771e-01   6.2091411980609579e-01   5.6978282473092301e-01   5.1475588520860704e-01   4.5783336177161427e-01   4.0089228649107739e-01
   4.3686764570555725e-01   4.9891851158647194e-01   5.6094916081447077e-01   6.2091411980609579e-01   6.7663384616172895e-01   7.2592215095240831e-01   7.6672659607082005e-01   7.9726951141132441e-01   8.1617621302233978e-01   8.2257756239866464e-01   8.1617621302233978e-01   7.9726951141132441e-01   7.6672659607082005e-01   7.2592215095240831e-01   6.7663384616172895e-01   6.2091411980609579e-01   5.6094916081447077e-01   4.9891851158647194e-01   4.3686764570555725e-01
   4.6869056706378820e-01   5.3526142851899028e-01   6.0181060067169445e-01   6.6614361070348771e-01   7.2592215095240831e-01   7.7880078307140488e-01   8.2257756239866464e-01   8.5534532730742252e-01   8.7562925720353824e-01   8.8249690258459546e-01   8.7562925720353824e-01   8.5534532730742252e-01   8.2257756239866464e-01   7.7880078307140488e-01   7.2592215095240831e-01   6.6614361070348771e-01   6.0181060067169445e-01   5.3526142851899028e-01   4.6869056706378820e-01
   4.9503589692619859e-01   5.6534873961061416e-01   6.3563867382605199e-01   7.0358787434562753e-01   7.6672659607082005e-01   8.2257756239866464e-01   8.6881505626284317e-01   9.0342471353308673e-01   9.2484881321620482e-01   9.3210249235952758e-01   9.2484881321620482e-01   9.0342471353308673e-01   8.6881505626284317e-01   8.2257756239866464e-01   7.6672659607082005e-01   7.0358787434562753e-01   6.3563867382605199e-01   5.6534873961061416e-01   4.9503589692619859e-01
   5.1475588520860704e-01   5.8786967312234650e-01   6.6095963999744889e-01   7.3161562894664178e-01   7.9726951141132441e-01   8.5534532730742252e-01   9.0342471353308673e-01   9.3941306281347581e-01   9.6169060160542530e-01   9.6923323447634413e-01   9.6169060160542530e-01   9.3941306281347581e-01   9.0342471353308673e-01   8.5534532730742252e-01   7.9726951141132441e-01   7.3161562894664178e-01   6.6095963999744889e-01   5.8786967312234650e-01   5.1475588520860704e-01
   5.2696296924337094e-01   6.0181060067169445e-01   6.7663384616172895e-01   7.4896539360271563e-01   8.1617621302233978e-01   8.7562925720353824e-01   9.2484881321620482e-01   9.6169060160542530e-01   9.8449643700540845e-01   9.9221793826024351e-01   9.8449643700540845e-01   9.6169060160542530e-01   9.2484881321620482e-01   8.7562925720353824e-01   8.1617621302233978e-01   7.4896539360271563e-01   6.7663384616172895e-01   6.0181060067169445e-01   5.2696296924337094e-01
   5.3109599103534522e-01   6.0653065971263342e-01   6.8194075119034814e-01   7.5483960198900735e-01   8.2257756239866464e-01   8.8249690258459546e-01   9.3210249235952758e-01   9.6923323447634413e-01   9.9221793826024351e-01   1.0000000000000000e+00   9.9221793826024351e-01   9.6923323447634413e-01   9.3210249235952758e-01   8.8249690258459546e-01   8.2257756239866464e-01   7.5483960198900735e-01   6.8194075119034814e-01   6.0653065971263342e-01   5.3109599103534522e-01
   5.2696296924337094e-01   6.0181060067169445e-01   6.7663384616172895e-01   7.4896539360271563e-01   8.1617621302233978e-01   8.7562925720353824e-01   9.2484881321620482e-01   9.6169060160542530e-01   9.8449643700540845e-01   9.9221793826024351e-01   9.8449643700540845e-01   9.6169060160542530e-01   9.2484881321620482e-01   8.7562925720353824e-01   8.1617621302233978e-01   7.4896539360271563e-01   6.7663384616172895e-01   6.0181060067169445e-01   5.2696296924337094e-01
   5.1475588520860704e-01   5.8786967312234650e-01   6.6095963999744889e-01   7.3161562894664178e-01   7.9726951141132441e-01   8.5534532730742252e-01   9.0342471353308673e-01   9.3941306281347581e-01   9.6169060160542530e-01   9.6923323447634413e-01   9.6169060160542530e-01   9.3941306281347581e-01   9.0342471353308673e-01   8.5534532730742252e-01   7.9726951141132441e-01   7.3161562894664178e-01   6.6095963999744889e-01   5.8786967312234650e-01   5.1475588520860704e-01
   4.9503589692619859e-01   5.6534873961061416e-01   6.3563867382605199e-01   7.0358787434562753e-01   7.6672659607082005e-01   8.2257756239866464e-01   8.6881505626284317e-01   9.0342471353308673e-01   9.2484881321620482e-01   9.3210249235952758e-01   9.2484881321620482e-01   9.0342471353308673e-01   8.6881505626284317e-01   8.2257756239866464e-01   7.6672659607082005e-01   7.0358787434562753e-01   6.3563867382605199e-01   5.6534873961061416e-01   4.9503589692619859e-01
   4.6869056706378820e-01   5.3526142851899028e-01   6.0181060067169445e-01   6.6614361070348771e-01   7.2592215095240831e-01   7.7880078307140488e-01   8.2257756239866464e-01   8.5534532730742252e-01   8.7562925720353824e-01   8.8249690258459546e-01   8.7562925720353824e-01   8.5534532730742252e-01   8.2257756239866464e-01   7.7880078307140488e-01   7.2592215095240831e-01   6.6614361070348771e-01   6.0181060067169445e-01   5.3526142851899028e-01   4.6869056706378820e-01
   4.3686764570555725e-01   4.9891851158647194e-01   5.6094916081447077e-01   6.2091411980609579e-01   6.7663384616172895e-01   7.2592215095240831e-01   7.6672659607082005e-01   7.9726951141132441e-01   8.1617621302233978e-01   8.2257756239866464e-01   8.1617621302233978e-01   7.9726951141132441e-01   7.6672659607082005e-01   7.2592215095240831e-01   6.7663384616172895e-01   6.2091411980609579e-01   5.6094916081447077e-01   4.9891851158647194e-01   4.3686764570555725e-01
   4.0089228649107739e-01   4.5783336177161427e-01   5.1475588520860704e-01   5.6978282473092301e-01   6.2091411980609579e-01   6.6614361070348771e-01   7.0358787434562753e-01   7.3161562894664178e-01   7.4896539360271563e-01   7.5483960198900735e-01   7.4896539360271563e-01   7.3161562894664178e-01   7.0358787434562753e-01   6.6614361070348771e-01   6.2091411980609579e-01   5.6978282473092301e-01   5.1475588520860704e-01   4.5783336177161427e-01   4.0089228649107739e-01
   3.6217599908082571e-01   4.1361797370441067e-01   4.6504318813405632e-01   5.1475588520860704e-01   5.6094916081447077e-01   6.0181060067169445e-01   6.3563867382605199e-01   6.6095963999744889e-01   6.7663384616172895e-01   6.8194075119034814e-01   6.7663384616172895e-01   6.6095963999744889e-01   6.3563867382605199e-01   6.0181060067169445e-01   5.6094916081447077e-01   5.1475588520860704e-01   4.6504318813405632e-01   4.1361797370441067e-01   3.6217599908082571e-01
   3.2212600181340278e-01   3.6787944117144233e-01   4.1361797370441067e-01   4.5783336177161427e-01   4.9891851158647194e-01   5.3526142851899028e-01   5.6534873961061416e-01   5.8786967312234650e-01   6.0181060067169445e-01   6.0653065971263342e-01   6.0181060067169445e-01   5.8786967312234650e-01   5.6534873961061416e-01   5.3526142851899028e-01   4.9891851158647194e-01   4.5783336177161427e-01   4.1361797370441067e-01   3.6787944117144233e-01   3.2212600181340278e-01
   2.8206295169381546e-01   3.2212600181340278e-01   3.6217599908082571e-01   4.0089228649107739e-01   4.3686764570555725e-01   4.6869056706378820e-01   4.9503589692619859e-01   5.1475588520860704e-01   5.2696296924337094e-01   5.3109599103534522e-01   5.2696296924337094e-01   5.1475588520860704e-01   4.9503589692619859e-01   4.6869056706378820e-01   4.3686764570555725e-01   4.0089228649107739e-01   3.6217599908082571e-01   3.2212600181340278e-01   2.8206295169381546e-01
